2
6
8
12
18
26
28
34
60
69
82
131
134
142
150
195
196
203
204
212
216
246
248
256
268
269
270
276
280
310
322
325
326
361
369
371
375
377
378
386
390
394
410
431
437
458
462
472
480
494
507
530
532
538
540
561
562
563
566
568
576
584
585
590
639
641
645
653
659
667
669
674
723
734
788
803
825
848
856
884
908
926
938
939
946
953
961
977
993
1010
1047
1048
1071
1077
1096
1102
1118
1134
1135
1155
1159
1186
1200
1204
1208
1216
1220
1232
1269
1286
1293
1294
1309
1314
1333
1339
1345
1347
1362
1386
1398
1403
1419
1427
1433
1458
1474
1482
1499
1523
1539
1548
1550
1552
1566
1572
1574
1604
1612
1635
1646
1657
1664
1666
1713
1723
1746
1762
1766
1783
1791
1807
1839
1854
1888
1893
1895
1902
1943
1952
1954
1958
1960
2008
2047
2048
2049
2066
2069
2073
2075
2083
2101
2107
2117
2125
2157
2166
2170
2227
2267
2274
2276
2335
2379
2380
2382
2384
2434
2442
2444
2491
2493
